%YAML:1.0
---
MAX_AREA: 1500.
MIN_AREA: 20.
MAX_SIDE_RATIO: 2.5000000000000000e+00
MIN_SIDE_RATIO: 2.0000001788139343e-01
MAX_SUB_AREA_RATIO: 5.0000000000000000e-01
MIN_CONVEX_AREA_RATIO: 2.9999998211860657e-01
MIN_ROUNDNESS: 1.0000000894069672e-01
MIN_AREA_FOR_RATIO: 70.
DEFAULT_SIDE: 20.
CENTER_CONCENTRICITY_RATIO: 8.0000000000000002e-02
TRANSLATION: !!opencv-matrix
   rows: 3
   cols: 1
   dt: d
   data: [ 0., 650., -1.6566000366210938e+02 ]
ROTATION: !!opencv-matrix
   rows: 3
   cols: 3
   dt: d
   data: [ 1., 0., 0., 0., 1., 0., 0., 0., 1. ]
