%YAML:1.0
---
color: [ 0., 255., 0., 0. ]
thickness: 2
point_radius: 3
font_scale: 5.0000000000000000e-01
font_thickness: 1
font_color: [ 255., 255., 255., 0. ]
arrow_thickness: 2
arrow_length: 70.
arrow_color: [ 255., 255., 255., 0. ]
