%YAML:1.0
---
INIT_POS_VAR: 1.0000000000000001e-01
INIT_VEL_VAR: 1.0000000000000001e-01
Q_POS: 1.
Q_ANGLE: 1.0000000000000000e-03
Q_VEL: 1.0000000000000000e-03
Q_ANGLE_VEL: 2.
R_POS: 1.0000000000000001e-01
R_ANGLE: 2.0000000000000021e-01
MIN_DT: 1.0000000000000000e-03
